3
0.0 5.0 8
 0  0  0 10 -1
 0 10 10 10 -1
10 10 10  9 -1
10  9 10  6  2
10  6 10  4 -1
10  4 10  1  1
10  1 10  0 -1
10  0  0  0 -1
1.0 4.0 4
10  1 10  4  0
10  4 20  4 -1
20  4 20  1 -1
20  1 10  1 -1
-1.0 6.0 4
10  6 10  9  0
10  9 20  9 -1
20  9 20  6 -1
20  6 10  6 -1
# 14 walls
#  4 sectors
# +---------+   
# |.........+---------+---------+
# |.........^.........^.........|
# |.........^.........^.........|
# |.........+---------+.........|
# |.........|         |.........|
# |.........+---------+.........|
# |.........^.........^.........|
# |.........^.........^.........|
# |.........+---------+---------+
# +---------+

1
0.0 10.0 4
 0  0  0 20 -1
 0 20 20 20 -1
20 20 20  0 -1
20  0  0  0 -1
